102
165
60
186
106
126
232
8
1
145
130
116
17
45
46
221
71
11
148
222
257
254
253
96
113
51
152
10
253
251
249
83
116
188
157
227
101
145
254
11
54
174
251
202
57
201
125
242
257
172
27
174
60
175
232
129
33
113
63
69
123
49
90
203
73
71
105
102
178
199
247
209
105
36
202
91
251
106
221
124
154
22
99
232
47
156
134
157
103
171
204
90
80
224
47
97
166
93
244
30
149
96
61
210
251
48
65
32
253
220
199
74
122
231
101
229
40
148
37
222
197
257
180
159
59
91
232
256
145
220
107
257
178
144
165
13
36
256
210
171
150
92
257
68
175
128
126
18
257
18
251
232
12
176
21
49
15
255
145
2
71
223
22
116
257
141
223
154
208
129
173
172
44
118
219
208
218
76
90
251
131
243
253
232
157
66
47
217
232
219
48
1
12
67
257
103
45
189
210
257
94
193
240
231
197
68
47
84
12
106
183
135
92
109
150
74
64
10
5
153
178
226
130
224
257
159
212
237
15
131
257
61
240
8
79
185
133
112
55
150
247
168
119
138
11
8
246
114
112
214
43
49
48
256
254
12
257
157
139
115
96
92
183
157
106
169
220
56
251
105
226
251
209
215
171
16
55
119
35
115
240
109
133
77
95
160
52
244
90
133
86
129
35
167
235
152
150
30
5
128
80
5
183
166
215
145
55
51
137
169
54
256
20
257
89
10
103
107
251
251
198
135
213
69
79
205
162
193
2
67
80
243
240
251
257
137
192
253
164
15
37
65
214
231
145
253
72
179
234
244
59
87
96
162
190
43
23
232
82
250
145
103
120
91
25
41
170
62
193
232
37
63
145
232
232
252
58
93
137
93
88
85
62
54
90
219
3
24
257
19
256
257
247
145
150
39
256
38
159
1
145
111
198
76
257
228
61
234
254
91
193
126
92
195
150
193
12
181
123
16
253
251
135
176
92
117
26
251
46
250
163
111
3
34
257
85
110
65
147
75
46
253
202
92
119
230
250
105
177
240
46
133
31
10
257
121
106
75
111
173
89
244
4
46
11
145
63
201
103
145
246
240
222
251
145
249
254
209
159
44
251
43
4
188
11
135
165
240
145
129
55
98
231
11
222
61
9
68
238
83
105
105
108
226
249
19
190
129
169
15
12
253
251
68
145
149
156
232
150
48
172
23
143
58
33
257
20
214
145
115
5
33
69
136
105
251
142
174
182
81
188
144
209
198
163
38
144
183
101
193
127
229
255
256
31
66
154
51
157
39
145
92
232
250
176
257
39
208
133
5
174
237
215
243
232
181
69
86
257
103
11
81
222
27
250
163
51
66
64
186
105
137
51
126
102
139
44
145
233
251
184
226
54
240
119
88
173
33
104
46
72
253
171
145
82
112
181
235
29
10
120
61
84
8
182
101
126
202
24
210
107
235
124
255
53
241
160
138
8
10
29
19
84
98
251
220
58
220
151
145
3
56
117
253
58
221
138
243
96
105
217
190
57
172
86
221
200
232
99
136
238
125
225
79
65
250
18
250
232
252
196
247
119
81
46
257
114
106
251
168
75
133
75
257
117
102
126
134
41
17
26
21
17
232
145
32
133
197
3
94
242
64
240
241
180
14
34
114
251
106
234
205
253
61
187
229
113
147
126
151
27
109
96
251
90
180
208
228
105
79
138
251
49
95
8
11
37
145
226
189
11
52
175
245
158
3
89
85
67
253
252
188
251
69
147
92
128
53
157
41
130
151
9
81
26
38
257
93
169
63
124
42
241
56
160
83
150
147
152
23
111
145
147
135
5
11
136
249
132
40
147
4
138
253
143
72
56
165
92
147
14
142
67
101
100
129
66
238
60
246
119
170
100
89
187
135
247
191
159
31
59
147
113
181
130
154
68
154
130
93
200
159
250
59
31
114
11
78
71
227
143
256
222
234
198
197
228
143
220
148
33
147
61
30
91
163
102
83
97
163
189
212
129
46
257
105
22
25
126
248
75
90
72
218
26
16
224
26
152
239
76
147
253
88
37
73
251
159
254
146
20
86
138
61
109
240
76
255
244
114
239
256
170
185
115
9
90
227
63
97
243
16
210
15
32
235
117
255
141
224
11
150
46
162
257
232
11
191
141
51
145
126
33
186
5
175
46
233
124
166
3
154
21
17
32
109
37
251
39
227
189
205
171
72
257
128
83
205
220
118
251
107
96
181
152
100
169
148
90
22
74
101
66
253
15
202
118
54
10
8
201
117
224
118
145
214
145
3
204
90
138
71
48
232
251
4
69
252
115
239
90
235
15
170
233
27
24
92
18
145
208
233
18
83
19
158
206
181
119
54
157
154
176
8
13
12
231
179
105
149
21
54
240
253
159
165
130
234
205
91
57
159
221
18
76
232
181
205
168
96
240
242
208
161
229
250
35
75
242
151
65
178
7
232
183
19
55
185
108
244
182
214
227
62
257
156
255
257
145
198
251
158
24
37
240
12
8
84
129
70
56
232
117
104
132
145
96
121
218
143
149
55
64
163
133
26
185
53
102
83
112
142
257
235
243
177
149
257
124
125
256
150
190
232
137
82
64
197
193
251
257
8
232
232
145
48
251
255
11
5
12
60
219
117
7
111
72
232
79
226
95
55
202
146
99
197
145
75
62
105
203
154
20
1
122
142
139
232
120
198
129
145
91
94
93
224
234
193
6
194
43
127
173
130
138
227
54
94
166
159
54
215
256
9
166
16
85
233
52
253
85
253
168
5
105
145
116
87
149
4
105
10
154
181
228
113
31
86
38
63
174
249
158
192
168
251
145
3
218
218
93
34
107
94
138
216
201
251
257
51
3
126
126
212
229
215
82
63
104
68
137
16
180
145
9
123
11
49
148
251
217
174
241
11
71
64
64
15
46
220
11
150
145
232
82
125
168
214
147
145
134
135
63
187
236
63
82
135
253
245
41
220
38
32
53
106
227
162
176
96
253
176
40
45
38
251
44
96
15
253
142
19
200
114
133
146
72
148
141
153
77
45
84
108
138
29
145
114
186
4
129
6
229
78
114
126
17
54
12
257
84
69
112
83
4
112
218
30
125
39
19
37
117
257
171
185
111
132
255
38
132
207
109
153
202
8
152
233
145
238
11
224
159
145
6
187
140
21
145
156
244
18
100
120
63
28
103
109
204
92
245
247
253
64
257
57
105
118
69
99
257
81
175
57
138
247
205
239
254
231
221
85
180
70
147
122
185
249
208
230
73
164
120
251
201
74
176
79
227
107
181
241
138
6
198
64
89
67
209
71
97
217
149
217
221
104
197
146
145
222
177
251
119
25
126
11
227
136
155
77
172
257
31
47
145
138
34
195
93
118
168
100
238
244
251
217
251
167
96
177
44
188
137
105
257
88
166
83
248
257
7
206
222
158
251
232
238
172
58
154
169
195
122
154
174
81
168
241
251
192
72
191
193
161
8
205
107
26
31
252
79
116
196
71
83
176
150
74
106
130
44
36
241
40
170
244
177
192
88
255
242
119
196
147
256
105
209
145
125
92
253
99
11
64
5
28
185
145
51
18
137
120
145
108
171
26
257
55
96
23
51
116
113
12
257
126
43
172
150
149
73
73
185
136
4
168
151
24
66
247
233
145
135
94
253
10
55
21
195
150
133
132
47
167
136
6
193
81
207
95
152
200
96
145
132
232
153
220
168
195
183
117
251
253
79
206
232
190
10
255
134
145
36
11
145
62
145
138
13
248
117
238
206
248
200
11
12
223
213
2
80
145
111
205
214
153
126
253
216
81
98
130
90
91
95
185
161
175
184
36
202
12
12
238
240
231
89
57
205
21
116
89
59
200
257
51
194
33
140
145
121
10
145
232
242
98
62
220
139
132
207
248
172
46
63
41
125
159
19
96
65
173
84
188
46
80
78
132
205
39
255
166
8
101
90
11
251
211
104
101
243
217
145
127
220
158
242
119
135
164
225
257
174
29
144
79
52
223
18
215
56
92
118
126
40
16
176
145
42
204
132
12
98
12
98
207
236
34
184
207
232
126
251
108
85
131
242
21
257
235
49
96
132
185
242
132
238
76
251
208
138
141
145
10
145
68
25
145
148
8
232
214
28
200
11
183
147
245
46
30
173
83
80
249
59
224
38
105
27
158
183
72
207
179
166
7
96
251
95
100
156
71
129
169
104
20
65
106
132
217
176
211
4
217
79
3
215
222
171
189
130
234
205
75
139
32
74
126
121
45
255
102
180
131
92
120
185
148
214
224
47
257
84
91
18
54
201
203
11
61
127
5
190
5
119
72
222
197
257
106
30
238
74
193
31
257
102
35
117
243
85
251
75
121
241
163
145
252
126
223
152
96
251
158
257
139
91
147
216
251
205
55
90
124
14
11
8
23
9
192
18
124
63
137
145
251
194
168
150
79
257
240
45
11
24
145
92
253
140
6
118
79
200
251
145
253
97
253
27
155
24
2
11
96
241
106
90
199
90
121
220
164
159
169
132
33
253
152
144
122
53
96
253
248
37
47
102
145
164
71
257
2
257
168
176
59
150
105
80
129
108
213
189
87
22
76
75
172
168
188
226
64
251
99
163
52
107
203
35
173
33
179
127
145
253
78
137
18
84
252
85
227
253
29
253
126
39
245
253
154
90
128
257
205
185
8
232
232
88
65
249
167
97
91
158
180
217
160
4
116
224
222
140
239
8
147
126
117
128
50
151
228
243
19
192
12
225
79
126
251
36
171
224
122
129
70
257
57
173
70
25
240
159
149
196
129
119
191
85
37
172
200
81
151
35
257
246
151
143
194
23
13
40
136
127
142
64
73
61
38
234
202
98
144
178
193
51
178
243
164
98
143
145
246
11
18
44
257
179
153
114
138
48
96
233
130
161
117
41
251
4
251
129
163
96
134
12
23
44
4
136
81
227
152
254
182
257
96
231
6
145
226
40
8
146
222
136
186
257
141
72
134
5
164
167
57
15
159
240
158
194
137
226
158
184
193
113
232
135
107
25
203
104
37
179
29
98
188
113
89
96
204
145
8
217
120
4
212
253
253
96
145
145
253
168
253
123
194
249
220
98
126
11
82
235
170
91
193
121
113
126
182
52
67
70
169
232
145
214
112
11
257
117
182
5
213
143
40
94
251
173
54
244
197
98
212
174
57
252
120
168
214
157
1
30
143
71
257
95
227
224
143
43
28
145
22
87
115
219
26
252
43
243
232
92
32
110
257
232
172
74
161
165
105
251
25
92
20
215
12
100
47
21
156
232
151
13
99
158
20
148
202
147
105
31
121
136
47
232
93
168
240
33
251
75
251
11
52
121
55
213
63
138
26
200
36
227
15
133
187
249
84
89
127
251
81
39
151
142
181
40
231
117
159
141
194
96
53
216
60
134
159
253
177
232
252
123
199
231
253
164
136
194
19
19
51
228
132
189
211
253
126
146
193
249
134
103
162
257
31
105
134
133
79
103
159
185
67
251
200
50
107
87
145
151
143
185
251
207
242
225
12
214
257
183
239
159
8
36
248
128
167
72
38
75
28
148
130
243
141
114
63
159
28
256
145
96
223
145
43
39
145
160
155
237
109
257
9
97
201
253
208
51
217
176
145
195
105
195
4
96
202
210
74
21
197
93
6
113
173
133
193
110
135
62
257
70
251
11
212
21
92
257
143
5
1
22
24
116
182
107
251
85
249
257
101
87
35
159
145
84
255
46
145
144
89
253
124
182
256
128
145
111
11
90
115
250
120
257
217
111
63
73
78
120
227
146
109
159
63
26
7
241
90
81
35
193
45
172
221
246
118
92
145
190
181
210
212
105
159
165
250
162
251
42
251
103
96
42
200
92
39
216
101
104
64
86
179
70
196
125
5
232
96
70
31
164
191
257
17
250
148
11
151
123
90
98
191
52
225
137
251
193
8
60
213
212
92
158
53
244
25
82
235
230
190
48
177
183
163
147
42
78
257
251
108
109
9
96
251
44
13
26
133
94
5
92
158
28
72
164
207
164
118
96
147
174
78
123
46
253
197
139
90
171
169
17
244
234
181
129
253
219
164
257
145
230
70
46
16
97
138
144
152
251
79
44
172
179
3
82
73
58
195
103
145
257
27
70
60
18
253
221
253
234
40
95
212
71
143
199
109
139
173
56
148
145
202
11
257
145
257
214
28
69
257
232
123
34
158
36
240
89
133
100
80
138
190
192
129
232
6
202
132
185
238
194
153
107
213
227
79
190
221
140
251
225
219
192
17
14
25
8
119
162
145
64
65
41
118
73
17
9
181
149
136
117
225
15
248
7
75
251
125
212
87
229
250
180
36
231
66
235
77
253
110
141
57
251
92
248
70
131
253
100
118
239
32
100
140
96
23
90
44
150
130
151
40
103
212
176
251
235
189
132
208
137
93
175
142
120
120
145
243
240
242
248
138
162
74
232
159
54
102
253
95
193
134
90
32
16
141
58
251
21
251
257
105
135
224
251
235
47
73
241
161
190
201
186
255
251
155
26
14
57
136
150
127
253
176
240
257
96
85
135
257
204
3
43
55
65
223
124
91
27
243
211
30
89
236
100
61
147
220
36
145
96
193
81
111
196
123
183
72
105
251
158
255
142
174
90
71
133
155
145
170
114
166
147
243
252
146
42
34
64
174
126
254
159
17
59
34
67
94
115
85
116
257
147
248
251
222
117
131
119
157
197
110
192
200
47
241
18
150
145
257
77
247
234
30
241
221
90
76
210
251
107
257
133
40
144
145
111
85
70
101
97
117
8
253
155
25
117
231
118
155
136
28
99
131
145
6
234
9
33
159
137
25
235
237
40
240
172
4
194
128
241
187
119
30
10
246
232
29
81
11
251
180
147
215
57
109
224
214
145
120
145
145
145
11
28
12
9
44
226
227
213
159
135
58
231
219
77
219
249
107
159
221
137
119
147
257
167
122
253
250
240
55
72
10
187
124
72
16
82
125
237
53
127
113
232
214
257
82
185
226
235
126
106
126
112
113
252
69
39
251
224
212
157
89
201
11
208
72
93
13
27
159
48
44
72
101
87
158
137
54
246
134
117
240
21
120
128
147
67
67
112
196
249
186
59
176
53
202
163
158
70
251
166
248
169
96
121
106
137
105
251
193
173
86
197
52
23
226
64
34
145
25
119
230
50
11
231
8
184
125
34
150
136
12
172
135
110
79
143
18
106
92
92
251
78
193
86
122
58
54
111
91
210
208
64
8
132
93
104
206
210
179
242
192
174
253
10
231
32
232
96
163
179
156
194
253
117
55
38
43
202
7
63
257
180
106
49
65
97
257
75
77
35
162
3
253
144
122
7
161
145
124
201
187
87
207
73
48
231
153
205
251
12
257
41
49
254
110
159
198
113
176
101
251
188
105
182
169
149
5
72
251
251
96
144
29
65
69
231
34
30
190
189
165
138
140
138
4
257
220
246
12
228
162
105
171
84
60
37
171
96
101
215
187
49
52
150
43
42
21
18
13
11
194
146
154
147
107
117
197
232
96
26
257
211
121
257
255
232
7
132
127
87
251
55
68
91
129
47
97
110
253
91
148
55
126
64
57
104
145
236
88
232
257
96
27
36
114
172
72
172
251
85
143
44
207
96
18
157
230
54
105
96
253
231
70
203
220
148
145
149
114
19
67
103
218
148
46
61
81
184
251
93
72
202
167
131
73
80
129
253
162
129
229
220
139
232
60
174
150
32
257
126
210
224
250
114
248
239
33
8
129
194
51
210
76
204
69
90
131
207
143
141
148
105
145
149
37
11
87
65
62
26
79
36
31
29
7
40
150
64
245
11
257
44
90
189
135
232
203
155
127
231
236
40
210
90
29
202
21
223
108
29
112
131
180
76
124
57
22
221
234
148
101
221
222
38
219
239
163
25
215
123
109
251
88
88
96
247
228
168
134
64
36
94
40
178
17
251
227
178
52
255
257
251
11
49
178
54
4
251
80
232
240
220
58
15
44
54
63
208
231
28
204
46
121
191
11
197
257
83
97
153
94
168
173
9
103
89
41
138
233
56
240
136
105
18
12
228
72
208
109
180
164
198
240
187
137
69
227
124
138
206
253
208
90
47
230
142
33
182
257
8
220
182
256
19
31
145
24
106
216
202
35
153
145
251
126
147
232
177
232
32
96
198
65
24
177
123
125
114
80
178
54
198
218
232
11
244
31
170
112
183
232
139
206
15
74
54
136
253
253
200
98
30
9
171
5
11
44
169
159
40
127
125
178
94
128
123
148
227
145
47
73
245
233
191
124
38
235
63
43
145
228
257
91
253
125
234
136
171
118
69
251
5
77
9
110
11
233
145
240
244
202
243
42
22
87
189
120
61
221
110
115
240
39
19
251
249
145
116
226
118
45
72
49
94
34
149
147
93
199
38
228
80
88
11
228
188
129
77
210
129
253
92
210
109
160
52
133
150
145
200
253
105
45
8
254
156
90
159
70
257
167
36
40
217
122
60
28
83
73
224
197
126
116
153
170
216
169
55
25
46
257
92
109
228
67
120
148
22
107
160
137
7
122
171
72
63
82
83
128
257
36
174
123
257
253
135
137
88
175
46
8
167
164
119
2
254
86
80
204
131
238
45
145
212
98
31
26
200
184
134
25
150
75
127
146
191
25
194
11
34
146
148
210
237
62
257
117
257
228
210
97
145
253
12
13
34
58
89
1
201
210
257
246
51
66
45
230
169
239
232
80
13
257
109
195
135
81
56
103
92
59
157
116
243
134
254
4
192
11
157
113
17
42
160
72
88
181
207
76
142
201
148
133
161
172
257
234
189
255
30
48
129
8
2
50
24
120
166
109
93
57
19
172
47
105
254
167
171
148
60
257
33
137
217
238
99
68
168
181
151
71
213
252
164
44
10
57
16
181
4
174
253
222
102
29
145
133
251
212
145
139
118
29
204
105
150
87
101
136
102
143
30
236
34
201
40
181
212
55
153
28
125
246
34
135
217
211
30
197
61
97
22
208
23
12
241
120
138
170
69
177
12
214
129
143
213
122
198
17
212
55
211
171
232
126
27
53
150
72
165
194
88
194
257
89
12
252
204
96
173
191
119
181
186
249
56
174
253
11
159
164
232
111
18
35
235
102
189
145
170
62
224
213
123
71
218
164
226
10
129
33
47
250
251
29
203
96
154
19
107
132
156
214
208
13
137
182
20
183
242
53
109
73
128
257
149
97
236
65
11
17
91
19
94
29
232
97
257
133
21
141
215
257
35
225
228
162
78
247
213
219
182
209
10
193
62
15
186
140
6
128
73
25
136
257
196
239
232
143
60
37
8
95
15
98
209
78
237
98
94
69
122
3
75
175
60
13
11
172
257
34
231
116
173
257
171
75
18
190
253
90
241
145
51
215
89
76
34
180
19
119
210
129
34
166
257
19
214
163
151
187
152
257
209
131
169
191
251
178
37
224
246
253
257
257
165
257
74
168
96
173
251
118
102
145
253
129
9
137
26
131
55
145
106
152
76
32
194
72
80
32
37
251
22
173
92
11
87
79
187
199
101
227
32
145
75
133
147
229
51
251
162
63
222
135
187
146
247
12
83
142
61
243
41
116
217
214
51
185
5
86
32
230
235
93
224
27
233
150
232
80
257
251
90
231
250
253
120
148
23
168
115
179
254
97
175
64
96
253
8
65
206
98
91
128
69
52
54
31
104
190
136
202
59
51
251
132
222
110
49
15
253
33
126
254
144
189
116
180
145
145
41
198
251
222
252
16
126
176
37
105
157
75
143
202
35
22
132
251
88
117
210
127
65
187
29
253
148
15
66
43
176
74
232
125
223
253
142
232
195
114
33
199
156
30
212
127
99
66
32
178
178
152
3
213
31
24
174
158
224
207
129
50
170
135
92
203
226
154
250
235
255
91
245
75
133
157
220
152
145
132
145
30
180
28
26
94
257
1
130
24
252
1
251
133
229
3
15
166
253
219
148
145
121
229
100
145
132
206
138
194
251
191
225
1
190
101
113
87
136
151
124
251
225
152
207
167
92
47
86
100
22
118
12
227
207
204
141
132
87
160
92
114
77
200
109
103
224
197
228
113
45
240
257
155
125
126
186
143
251
96
99
217
217
109
202
214
33
27
154
51
251
98
70
53
207
95
16
174
230
159
145
113
81
193
71
50
97
53
238
10
229
22
138
96
56
100
81
155
215
90
159
149
253
108
24
251
180
210
233
201
185
37
137
64
153
251
145
211
145
81
55
201
12
28
130
204
57
30
56
123
69
173
117
47
234
114
145
111
129
90
8
73
126
61
116
235
52
170
247
257
109
202
196
222
67
47
154
158
154
219
58
257
251
161
251
73
69
142
163
175
147
68
6
257
112
251
257
16
187
37
138
11
240
257
253
50
118
105
89
209
136
218
231
110
100
232
101
251
232
16
206
19
58
157
12
46
37
195
221
107
186
252
67
80
145
19
3
226
44
237
9
129
249
78
201
135
64
251
145
112
215
251
133
25
105
254
23
257
254
93
105
126
24
186
80
211
198
124
60
248
219
249
243
75
26
204
133
142
178
29
105
29
103
109
68
169
36
12
80
129
127
178
148
215
96
59
113
68
3
257
191
251
113
145
233
251
11
240
103
228
55
226
198
5
23
137
103
228
250
215
91
253
117
189
170
227
88
24
10
191
227
4
129
234
221
18
11
217
59
257
144
24
26
145
152
168
6
79
4
176
88
257
216
102
71
96
241
193
207
161
236
124
126
171
220
5
170
68
182
151
173
94
123
243
141
26
12
200
48
12
130
186
232
198
66
198
142
247
122
87
142
75
82
251
159
9
101
110
44
215
109
46
3
232
196
203
201
252
18
28
257
251
113
110
21
234
139
257
148
251
8
73
180
3
228
153
133
54
16
71
39
97
90
90
148
157
48
249
246
1
44
193
75
70
251
46
217
255
253
137
257
49
147
23
23
113
119
58
257
237
112
109
63
194
109
197
248
249
223
53
44
189
100
24
158
145
60
118
246
142
83
219
116
96
172
1
2
128
62
257
253
144
187
127
253
105
224
156
7
128
190
159
33
253
189
132
5
49
74
46
26
113
69
101
44
194
221
221
47
139
124
152
145
64
245
223
230
6
251
27
109
167
251
176
223
239
257
253
23
114
210
237
127
172
157
139
152
145
34
45
147
246
250
174
257
112
61
130
75
237
257
204
178
36
51
164
229
96
109
38
251
64
212
21
224
239
253
100
51
133
209
10
42
114
91
145
92
89
99
96
145
131
215
89
64
206
213
223
257
43
149
257
85
249
226
101
112
232
257
234
147
247
89
229
126
5
138
192
183
157
96
11
101
241
253
148
251
95
128
184
110
88
251
179
232
257
166
130
46
191
257
155
54
97
99
131
176
59
192
109
243
207
257
32
198
256
167
24
21
253
90
257
157
90
175
224
187
74
211
225
218
188
256
63
56
8
212
160
257
15
5
216
49
42
5
8
105
11
147
34
212
30
215
161
129
92
98
21
209
235
8
145
32
253
240
45
188
14
48
20
198
157
37
252
171
1
15
117
145
8
140
64
189
37
16
126
222
20
225
85
115
111
145
20
197
169
64
198
128
7
176
145
159
218
152
143
149
183
253
174
92
32
145
67
178
232
251
257
90
243
92
103
234
251
116
159
209
60
124
21
78
110
240
16
190
152
94
93
189
3
240
171
165
23
83
236
6
88
48
34
104
232
4
149
80
132
122
18
214
129
83
88
145
110
29
147
105
172
86
126
106
2
8
58
150
159
86
193
230
207
126
243
49
143
44
200
242
11
133
143
109
136
78
18
60
194
189
14
138
253
19
244
33
257
256
229
121
137
97
236
96
140
49
207
257
208
162
126
187
240
144
59
157
225
27
156
134
175
233
127
227
251
96
255
118
206
88
165
232
134
85
80
98
66
251
84
34
60
5
160
90
147
50
125
38
209
11
6
74
257
141
150
61
135
234
210
168
157
193
48
145
257
70
130
193
61
90
71
44
231
205
92
166
134
160
156
126
105
71
70
173
232
36
141
12
126
159
106
69
61
145
97
253
147
134
138
210
193
236
51
108
39
3
132
238
251
152
60
39
84
190
38
147
168
250
82
212
94
256
253
16
168
145
213
170
132
17
16
109
155
66
196
59
226
216
152
135
132
12
150
194
158
166
98
50
155
145
194
184
222
24
178
129
251
54
79
206
175
163
171
129
245
232
27
232
62
121
230
251
59
25
232
126
5
39
180
202
130
251
200
16
209
207
115
90
75
68
257
166
64
43
64
17
15
159
85
74
45
203
92
26
143
125
243
93
232
145
227
12
216
40
160
48
149
256
156
107
9
15
170
63
172
59
151
1
8
175
116
98
191
232
227
93
95
109
253
209
251
121
87
163
224
145
74
247
29
21
49
14
207
198
254
79
145
210
11
63
123
254
214
22
227
19
105
230
220
16
37
149
211
245
12
172
106
214
122
145
96
97
168
54
232
12
76
82
248
231
173
63
168
77
67
35
70
100
24
189
56
120
186
73
27
44
145
2
46
9
257
190
56
73
251
51
164
144
8
246
11
77
69
256
96
86
134
63
70
105
150
154
55
232
60
92
153
239
257
126
179
148
48
60
65
20
158
175
143
89
211
2
95
51
125
251
3
120
193
256
49
62
212
145
62
72
8
145
154
13
115
221
232
79
154
87
47
81
78
189
25
212
79
235
223
257
253
143
103
223
12
193
96
159
227
108
11
198
246
110
147
89
255
83
253
132
88
8
114
101
251
176
43
173
107
56
102
207
239
246
101
241
109
64
80
112
141
58
61
147
38
128
257
215
49
257
196
28
150
26
194
7
251
83
28
66
236
151
138
39
225
11
145
157
201
3
197
36
58
107
52
105
257
109
68
144
88
212
199
105
99
25
127
124
154
236
146
153
17
121
179
28
232
30
155
49
225
257
48
251
232
208
38
145
257
243
56
134
76
196
227
106
107
152
257
175
163
257
230
66
105
145
257
79
152
23
5
49
179
98
213
112
179
69
240
145
253
1
43
6
9
177
145
78
117
1
235
212
105
233
208
19
111
12
115
96
55
18
153
257
210
230
257
98
251
212
237
84
242
40
141
213
201
243
180
257
60
131
251
204
40
39
145
79
171
142
42
253
120
113
116
38
168
39
217
201
240
43
96
43
138
149
221
189
126
174
22
79
240
133
138
236
33
201
168
6
251
199
240
153
257
227
216
177
21
4
245
255
44
43
232
114
145
25
132
251
145
158
29
54
28
7
88
53
81
212
74
245
7
3
2
69
113
65
149
145
12
192
152
37
159
85
185
200
145
132
24
107
145
11
185
145
28
79
35
104
226
72
177
159
232
251
145
52
51
36
145
249
251
97
250
202
189
19
19
184
6
147
78
210
70
253
181
114
44
5
114
98
36
254
85
22
247
123
215
232
122
143
43
102
251
157
164
105
101
8
92
255
160
96
252
129
47
253
126
145
184
64
57
92
65
56
128
253
21
97
257
157
70
79
257
187
159
160
72
14
232
217
145
256
207
214
5
163
254
170
207
66
74
48
56
93
218
118
117
229
124
85
139
213
232
138
65
230
257
115
145
11
32
74
139
129
226
157
78
192
159
235
43
145
201
95
137
145
46
145
251
189
161
148
251
227
104
150
5
106
6
20
191
14
53
27
79
242
99
127
251
257
116
48
229
53
43
76
253
39
5
90
182
42
54
246
1
12
224
255
105
257
65
88
14
257
185
231
57
214
88
221
7
143
114
253
257
111
211
145
17
145
20
43
103
181
193
185
49
8
92
103
251
193
35
126
8
157
257
126
236
234
136
4
12
214
145
129
253
50
44
160
193
98
56
208
102
232
141
251
237
236
17
159
189
154
212
227
107
63
219
130
114
17
235
69
174
134
208
204
109
202
8
176
147
241
250
122
25
90
117
123
105
37
145
60
150
193
178
160
62
64
63
7
32
107
126
106
52
105
237
140
248
34
239
244
130
226
257
25
87
24
12
175
159
80
132
212
93
54
4
156
63
214
21
250
211
200
139
152
221
164
1
186
222
167
141
257
155
166
217
12
208
234
245
186
101
96
253
154
69
234
30
77
5
235
126
127
173
257
54
61
3
146
84
29
141
128
154
179
231
163
257
84
234
46
198
224
127
78
180
56
216
40
255
3
109
201
202
134
40
236
171
7
199
240
22
4
145
56
228
231
5
72
202
152
44
251
150
115
14
141
251
163
68
61
126
168
103
73
203
96
148
38
19
109
118
10
182
224
188
79
177
220
129
145
195
218
22
69
45
44
37
63
25
23
14
28
17
14
123
63
109
141
137
23
111
96
30
19
215
154
186
149
96
56
10
160
13
251
216
43
42
244
243
180
32
55
201
26
145
4
169
238
55
144
97
4
145
177
50
28
162
91
159
157
121
70
182
210
98
83
102
246
171
235
221
105
139
251
108
49
126
96
232
251
141
61
121
233
156
86
198
90
54
40
161
225
201
11
68
230
68
179
11
236
253
230
145
71
232
22
172
179
92
112
166
80
220
173
109
163
223
163
157
59
175
46
196
216
227
168
96
241
7
135
234
238
28
74
196
162
202
153
127
25
48
11
160
251
46
18
223
18
178
26
68
236
115
141
2
107
96
27
26
177
64
60
249
145
46
158
11
31
199
72
108
23
116
119
84
161
210
198
256
141
4
199
168
153
113
217
150
257
159
210
121
92
188
42
32
134
253
90
145
147
54
96
241
240
202
145
230
66
11
208
105
145
11
253
82
251
135
221
109
169
18
133
64
40
44
210
209
176
40
234
45
94
171
92
53
251
9
96
231
257
120
56
187
130
133
147
257
172
69
233
32
115
73
138
69
200
83
158
126
56
155
220
154
54
189
145
192
84
118
165
166
105
166
145
218
223
206
239
42
54
49
207
80
12
213
148
65
50
251
241
129
16
38
240
16
105
199
9
174
115
250
89
66
43
145
73
76
64
93
171
139
216
28
246
145
1
208
33
4
77
243
187
231
149
98
251
80
238
94
79
62
68
145
241
152
22
240
231
91
99
174
30
249
218
217
208
190
193
33
257
113
251
187
146
84
227
251
22
176
96
126
12
168
105
107
106
70
176
64
253
189
187
233
128
59
184
257
247
141
91
232
51
109
257
232
48
230
252
209
90
188
156
149
71
126
116
77
36
33
126
214
206
125
8
177
204
183
110
163
52
145
118
105
219
216
125
52
26
172
127
110
257
102
214
117
257
158
92
175
217
114
135
123
250
229
207
53
44
235
10
36
240
43
5
214
170
202
15
123
196
40
3
50
224
76
38
159
167
244
4
82
2
140
224
241
117
45
24
240
235
129
171
153
222
116
197
43
251
16
105
3
138
145
234
23
149
145
32
212
26
145
90
101
247
129
128
99
189
184
44
106
117
27
43
145
253
160
15
198
202
147
12
257
234
72
17
257
105
49
245
159
112
168
163
8
126
63
107
169
220
90
106
85
181
226
109
253
141
38
145
154
176
9
49
14
38
72
165
33
244
257
87
253
251
206
29
138
36
240
92
14
130
90
88
142
179
24
22
121
29
235
210
153
257
193
117
7
137
12
12
105
168
132
50
181
244
59
254
190
32
128
3
116
11
149
84
66
54
117
257
50
30
11
24
48
161
2
154
181
133
41
125
141
105
172
18
129
47
25
70
240
49
257
138
49
62
250
130
251
257
11
60
231
192
151
253
110
57
116
188
55
180
124
200
251
213
145
232
134
48
98
171
158
194
58
53
65
209
170
250
183
183
158
257
136
257
251
126
209
15
105
39
29
194
186
251
89
78
96
126
175
11
110
15
242
4
158
44
145
18
30
209
5
257
251
111
257
115
156
129
68
80
137
240
117
160
251
12
240
61
222
251
145
82
100
97
30
147
144
50
109
127
134
122
173
239
251
43
16
124
70
228
237
218
159
217
105
257
233
91
137
84
170
216
105
178
90
105
251
11
68
228
220
227
200
198
99
167
19
108
11
111
39
102
32
254
159
56
103
251
21
253
176
14
201
223
251
122
184
211
103
12
94
211
96
50
199
163
197
257
141
3
231
151
178
137
7
197
66
110
165
9
170
180
13
253
198
77
182
145
176
129
257
192
145
207
192
10
98
232
206
190
48
68
56
41
27
65
9
125
99
38
257
24
168
20
145
204
234
148
219
152
88
96
121
31
141
134
151
253
13
50
80
47
161
225
160
251
105
190
194
253
72
11
12
181
143
254
230
159
151
23
54
197
205
137
115
251
3
237
182
181
217
142
251
257
204
233
185
163
105
19
43
201
253
257
105
251
145
131
107
145
168
19
60
8
249
92
201
145
93
124
227
157
251
189
132
188
62
251
166
59
141
126
63
198
167
229
233
138
36
244
62
127
3
5
146
28
132
96
138
86
159
151
148
224
189
5
162
73
169
129
96
46
32
176
78
50
229
14
11
214
79
192
230
4
251
191
214
173
232
196
253
93
72
200
84
23
150
162
145
177
145
74
33
88
178
48
234
251
109
190
253
73
251
21
36
251
57
64
44
253
7
157
146
190
199
257
109
19
221
150
193
220
65
197
95
210
63
4
14
21
112
178
253
141
134
67
257
138
2
135
81
49
138
170
3
193
105
182
228
4
251
247
194
223
129
211
24
109
25
145
191
253
4
7
184
132
7
23
218
105
66
222
74
178
145
49
26
161
145
251
23
20
210
151
164
257
253
5
166
232
25
117
93
24
99
257
179
194
251
147
113
64
199
90
231
4
217
75
227
81
129
150
94
115
35
8
245
112
47
88
42
193
251
138
36
43
10
226
96
212
148
216
14
6
63
86
109
96
108
113
62
145
149
145
254
13
26
113
63
5
171
48
120
119
257
30
117
92
173
20
110
85
35
90
242
118
102
129
220
93
224
88
73
28
175
105
129
145
211
143
163
196
246
128
78
228
49
157
64
126
160
22
125
152
124
196
67
78
4
188
46
151
221
50
184
8
121
13
106
26
111
159
65
151
74
206
182
54
99
93
134
213
221
223
134
234
252
200
30
76
86
231
160
177
71
101
200
145
149
203
16
196
57
210
38
140
12
7
69
200
116
251
17
23
73
162
63
206
135
2
48
93
54
11
189
238
217
145
198
13
257
257
17
21
77
188
142
242
103
104
232
168
132
79
99
90
68
189
123
174
113
197
251
156
108
95
81
198
73
90
12
257
173
228
159
224
237
100
208
85
233
257
240
87
177
30
86
90
105
171
242
257
257
218
6
92
107
122
130
112
147
50
159
40
1
46
49
251
78
137
96
106
160
108
101
253
145
226
192
120
147
147
231
212
172
228
89
232
240
251
229
144
15
145
95
251
74
145
180
227
177
141
37
143
222
5
94
61
43
253
36
78
117
151
65
145
190
197
101
251
17
2
17
138
202
128
96
70
234
28
31
227
236
128
197
132
257
21
147
193
29
250
12
257
37
85
125
168
242
218
168
5
80
251
95
103
137
124
95
209
232
232
155
238
135
163
159
48
145
90
118
100
208
10
231
127
191
124
223
24
204
92
8
48
89
148
187
33
110
80
103
153
89
257
61
96
138
9
235
95
114
145
193
96
3
251
143
7
61
253
145
126
147
190
19
256
163
113
174
226
107
221
249
54
145
59
35
193
3
174
26
119
123
185
103
153
151
148
53
78
209
221
59
229
19
229
97
8
146
87
238
251
34
257
177
241
92
51
189
55
80
19
106
253
201
35
205
232
14
31
16
160
149
44
83
158
13
232
136
77
145
38
235
5
185
69
80
142
234
101
192
155
34
253
58
84
253
8
131
235
126
257
221
173
25
126
40
180
131
90
105
172
228
48
253
11
145
100
153
248
44
190
90
57
90
147
138
131
132
88
196
203
138
209
139
61
92
183
55
13
211
145
257
228
41
113
24
152
29
145
257
144
59
257
143
145
161
159
232
105
103
138
257
90
210
145
192
132
95
64
18
251
250
98
109
163
230
139
3
251
42
253
165
69
81
164
134
44
35
128
251
96
193
117
127
103
251
105
158
213
145
42
75
151
82
257
157
133
240
13
129
8
228
3
257
17
18
103
116
253
38
9
251
77
240
9
64
173
102
254
253
64
235
230
34
5
12
212
11
174
145
193
40
250
256
13
207
193
228
227
70
158
90
115
66
181
15
37
227
133
226
253
205
129
13
214
120
67
73
247
90
219
10
242
207
219
127
235
89
159
232
192
230
253
256
214
72
247
68
217
42
217
247
246
251
251
110
78
40
222
8
10
101
257
13
231
96
91
4
11
229
180
147
47
181
213
55
127
183
82
81
166
194
36
139
57
167
12
257
209
96
30
8
16
232
183
131
253
233
44
26
257
257
189
144
196
176
147
105
232
126
39
104
253
11
41
21
5
71
152
70
96
101
104
46
224
149
195
67
187
101
257
164
185
75
122
46
126
257
27
76
117
208
71
150
212
257
219
138
13
146
141
84
118
168
213
231
214
172
179
242
257
257
190
214
105
240
257
254
92
176
100
3
215
101
127
15
182
39
147
253
88
96
90
257
79
161
24
143
256
59
214
90
42
245
175
126
5
96
205
107
58
75
235
148
133
123
97
152
68
227
119
19
37
207
237
126
87
20
31
74
54
90
96
98
37
240
7
229
61
18
226
199
123
29
33
51
43
227
109
145
138
232
208
253
143
16
190
46
86
76
182
101
219
65
253
13
74
23
127
171
117
128
131
224
241
92
253
9
17
114
191
189
139
226
228
80
114
70
96
251
137
145
192
58
257
132
159
105
163
187
98
120
134
217
129
257
227
3
200
88
154
49
129
240
114
85
232
24
72
46
129
109
145
51
8
169
109
214
251
110
35
54
112
36
91
235
50
156
17
2
242
145
145
188
253
117
257
37
138
257
230
45
204
28
132
257
144
173
166
177
176
36
257
85
125
154
92
214
237
1
253
90
180
234
11
128
232
206
105
222
18
175
148
234
251
56
189
246
116
118
122
220
172
145
184
103
128
2
146
203
27
188
58
27
208
77
58
63
74
